-1.9264696 -0.24511115
-1.9219136 -0.23311774
-1.9252096 -0.22228742
-1.9304327 -0.21164578
-1.9316182 -0.2005374
-1.9307494 -0.1892273
-1.9318061 -0.17811748
-1.9347912 -0.16717485
-1.9317337 -0.15572071
-1.9326113 -0.14442055
-1.9354055 -0.13343833
-1.934145 -0.122177474
-1.932819 -0.110934615
-1.93742 -0.1000204
-1.9379632 -0.08887461
-1.9384425 -0.07772494
-1.9348598 -0.066435434
-1.9352099 -0.055304
-1.9394993 -0.04407702
-1.9397207 -0.03291926
-1.941878 -0.021782847
-1.9419711 -0.010612697
-1.9419999 0.0005585608
-1.9419646 0.011729705
-1.9398651 0.022876877
-1.9397014 0.034035373
-1.9434724 0.04528592
-1.9451735 0.05670938
-1.9448152 0.067897856
-1.9463906 0.07916535
-1.947901 0.09045322
-1.9473485 0.10165683
-1.9467314 0.112857066
-1.9460502 0.124053575
-1.9453043 0.13524598
-1.9464744 0.1467707
-1.9455979 0.15796515
-1.9486419 0.16950102
-1.953609 0.1812619
-1.6586484 0.17637847
-1.659576 0.18629879
-1.658477 0.19584225
-1.6533533 0.20488732
-1.650164 0.2141373
-1.646923 0.22335735
-1.6416503 0.23226708
-1.630394 0.2402488
-1.6250312 0.24901763
-1.6035502 0.2569095
-1.5586408 0.25891915
-1.535444 0.26415077
-1.535868 0.27332932
-1.5362376 0.28252146
-1.5345869 0.29135382
-1.5348483 0.30056092
-1.5350246 0.30992776
-1.5332165 0.3187527
-1.5313574 0.32756713
-1.5274945 0.3359411
-1.523586 0.34428146
-1.5215803 0.35304004
-1.5175787 0.36132368
-1.5154752 0.37004742
-1.5152615 0.37924454
-1.5168923 0.38909352
-1.5204322 0.39933708
-1.5412871 0.41430673
-1.5562341 0.42793855
-1.5633733 0.43959033
-1.5646632 0.4496811
-1.5620506 0.45867425
-1.561302 0.4682267
-1.5604492 0.4779353
-1.5576742 0.4869037
-1.5567529 0.49646366
-1.5557733 0.5060291
-1.5528367 0.51497024
-1.5498487 0.5238942
-1.5449183 0.53214955
-1.5480132 0.5415305
-1.5524083 0.5531113
-1.5529612 0.5633964
-1.5533919 0.573855
-1.556027 0.59526116
-1.6445178 0.63816714
-1.6482608 0.6505535
-1.6463476 0.66076916
-1.6425194 0.67022866
-1.6367892 0.67889977
-1.6236421 0.68441963
-1.6196781 0.6937482
-1.6266642 0.7078418
-1.6316426 0.72138655
-1.6110452 0.72338736
-1.5624304 0.7143776
-1.5383402 0.7140905
-1.529316 0.7424236
-0.5603086 0.29666537
-0.5530213 0.2975759
-0.5442775 0.29692093
-0.53699625 0.29770973
-0.5300441 0.29785445
-0.52310824 0.29792917
-0.51587474 0.29847825
-0.5089732 0.29840615
-0.5018036 0.29874593
-0.49491042 0.29857606
-0.48977163 0.29933214
-0.47925436 0.29734033
-0.4704239 0.3001089
-0.4615687 0.3135576
-0.4564315 0.31398457
-0.45297652 0.31546193
-0.452789 0.31921485
-0.45254225 0.32301936
-0.45229778 0.3267885
-0.4523416 0.33013192
-0.4520437 0.33391684
-0.4533191 0.33890676
-0.45292416 0.342759
-0.4525328 0.34657475
-0.45244825 0.34996375
-0.45357743 0.35502604
-0.4530611 0.35891455
-0.45411003 0.36401665
-0.45356178 0.3678827
-0.45334032 0.37132004
-0.46469975 0.3889603
-0.46398088 0.39291948
-0.4632318 0.39688328
-0.46396366 0.40216136
-0.46353546 0.40569803
-0.46414942 0.41105393
-0.46475637 0.41638625
-0.4653173 0.42173904
-0.46435776 0.42576036
-0.46520546 0.4307434
-0.46563932 0.43614677
-0.4660263 0.44156933
-0.46374404 0.4497305
-0.46482995 0.46572214
-0.46683303 0.4889202
-0.46813124 0.49596077
-0.46848008 0.50112116
-0.46825594 0.5067903
-0.46937925 0.5139057
-0.46909586 0.51956624
-0.46926618 0.5247907
-0.47016218 0.5320221
-0.46972552 0.53773034
-0.47054574 0.5449649
-0.47182733 0.5517744
-0.47117412 0.5575796
-0.35892704 0.4479368
-0.3551028 0.4484262
-0.34958032 0.4476803
-0.34455568 0.446517
-0.3444068 0.45167243
-0.34585285 0.45810676
-0.34316778 0.46012157
-0.34288827 0.46530813
-0.33902875 0.46565598
-0.3363445 0.4675985
-0.3343391 0.48126227
-0.48101306 0.7080695
-0.4791606 0.71414644
-0.4783589 0.72189254
-0.47857898 0.7313263
-0.48043215 0.7420519
-0.48046473 0.7515435
-0.48040384 0.7610599
-0.47919142 0.7689029
-0.48074841 0.77970314
-0.4803391 0.7893354
-0.4809398 0.8006578
-0.48142597 0.812013
-0.48258653 0.8229376
-0.48177186 0.83267033
-0.48193228 0.8441121
-0.48378006 0.85686225
-0.4837093 0.8683671
-0.48448527 0.88165194
-0.48503837 0.89502054
-0.4854648 0.90615004
-0.4858502 0.91953766
-0.48517329 0.9311857
-0.48520172 0.9446816
-0.48790935 0.96126395
-0.48774135 0.97478634
-0.48654908 0.9865445
-0.48698607 1.0019184
-0.4890053 1.0187118
-0.48997816 1.0359718
-0.49161297 1.055089
-0.49156547 1.0683348
-0.4920161 1.0857183
-0.49217698 1.1031889
-0.47933248 1.1262399
-0.48044437 1.2401907
-0.44512817 1.2554222
-0.4352692 1.2504066
-0.42600954 1.2472528
-0.41882795 1.2496828
-0.41163233 1.2520714
-0.4031957 1.2506115
-0.3952724 1.251041
-0.38747776 1.2513835
-0.3796923 1.251678
-0.37134674 1.250007
-0.36347172 1.250237
-0.3568211 1.2542307
-0.34906414 1.2543359
-0.34119755 1.2544258
-0.33346212 1.2544348
-0.32573807 1.2543966
-0.31851688 1.2562497
-0.30947983 1.2564467
-0.30178 1.2562616
-0.29409248 1.2560292
-0.28674185 1.2577277
-0.27906883 1.257404
-0.27140898 1.2570335
-0.26417366 1.2585739
-0.25640932 1.2581377
-0.24877961 1.2576298
-0.24116428 1.2570759
-0.23392908 1.2584424
-0.22656538 1.2597889
-0.21897213 1.2591009
-0.21172564 1.2603397
-0.20403142 1.2595822
-0.19678243 1.260735
-0.1895269 1.2618461
-0.18197942 1.260936
-0.17432792 1.2599975
-0.16707702 1.2609794
-0.16007203 1.263904
-0.152559 1.2628181
-0.14494285 1.2617018
-0.13768263 1.2625147
-0.13041784 1.2632859
-0.12314875 1.2640152
-0.11575436 1.2647138
-0.10830645 1.2633661
-0.10103726 1.2639682
-0.093643524 1.2645375
-0.086231604 1.2630599
-0.07896454 1.263535
-0.07169486 1.2639683
-0.064301625 1.264366
-0.057027403 1.264715
-0.04975145 1.265022
-0.042540796 1.2672862
-0.035194542 1.2655108
-0.027958317 1.2676917
-0.02066557 1.2678316
-0.013351045 1.2659296
-0.006078262 1.2679855
0.0013436727 1.2739993
0.01847314 0.8678034
0.023356667 0.8636843
0.02812785 0.8575388
0.032906175 0.8533658
0.037630063 0.84716463
0.043110285 0.84289825
0.047730982 0.8386428
0.051928762 0.82837397
0.059548475 0.7817352
0.06355422 0.7753998
0.07235847 0.7726191
0.05828474 0.46234065
0.060681794 0.4600149
0.06349276 0.45761633
0.06583786 0.45526406
0.06815799 0.4529001
0.07107114 0.4544765
0.07416485 0.45702142
0.076792605 0.45658723
0.07924623 0.45515278
0.08204034 0.45567358
0.0845876 0.45724165
0.08759156 0.458712
0.09385727 0.4625741
0.1561671 0.7110526
0.16201583 0.7179463
0.16659446 0.7189508
0.17026474 0.7160349
0.17485471 0.7169866
0.17897622 0.7159689
0.18266396 0.7129726
0.18625475 0.70997554
0.19085436 0.7108239
0.19494015 0.70971423
0.1990195 0.70858115
0.20364404 0.70934695
0.208847 0.71200204
0.21351324 0.7127048
0.21760947 0.7114648
0.22161159 0.7123232
0.22631063 0.7129429
0.23164013 0.7154347
0.23825978 0.7216871
0.24495894 0.7278868
0.25459513 0.7309291
0.23593587 0.5646931
0.23996197 0.5651675
0.24345885 0.5658479
0.24564528 0.5605376
0.24723908 0.5554609
0.25207782 0.55767447
0.25616944 0.55800825
0.259375 0.5565255
0.26369333 0.5589184
0.26782152 0.5591705
0.2774309 0.5544656
0.55222887 1.0608766
0.56018955 1.0612199
0.5733154 1.0564628
0.74566156 1.3314146
0.8458603 1.4769307
0.8583581 1.4789596
0.88581896 1.4673516
0.48250434 0.7668283
0.48368296 0.75898004
0.48695633 0.75450486
0.48800582 0.7466688
0.4911892 0.74218136
0.4999038 0.7459894
0.5075556 0.74806637
0.5152476 0.75008
0.51841193 0.7454616
0.9271427 1.3015416
0.997337 1.36929
1.0063838 1.3651402
1.0118281 1.3561224
1.018407 1.3486836
1.0237197 1.3396245
1.0301851 1.3321315
1.0365983 1.3246086
1.0429595 1.3170556
1.0531454 1.3140551
1.0632066 1.3110819
1.0707308 1.3049443
1.0794973 1.3003021
1.0882455 1.2956026
1.0969757 1.2908449
1.1069906 1.2875464
1.1170038 1.2841755
1.1296574 1.2837344
1.1423426 1.2831904
1.1537205 1.2810562
1.1678052 1.2817905
1.1819365 1.2824047
1.1974771 1.2843617
1.2293504 1.2761979
0.8215822 0.8018146
0.82186276 0.7929095
0.8220686 0.78402764
0.8294753 0.7820298
0.84135926 0.77514553
1.6515028 1.4473957
1.7581087 1.5259875
1.7607862 1.5106394
1.7602946 1.4927249
0.6119543 0.48041221
0.61628795 0.47810993
0.62061524 0.47577378
0.62174755 0.47098824
0.62284553 0.4662054
0.6271249 0.4638041
0.6313975 0.46136883
0.63728416 0.46007058
0.6425349 0.4527084
1.504593 1.0097246
1.5004694 0.9942793
1.5011435 0.98234636
1.5017302 0.9704382
1.5005436 0.9574805
1.4992579 0.9445683
1.494477 0.9295904
1.495566 0.9164049
1.4991015 0.90675175
1.4991412 0.8950374
1.4973724 0.8823377
1.4955075 0.8696881
1.4970163 0.8590798
1.4967122 0.8474979
1.4806898 0.82702684
1.5424122 0.82671934
1.5693319 0.8314888
1.5901222 0.83063066
1.6055421 0.82696486
1.6298883 0.8276763
1.6490089 0.8252912
1.6555228 0.8166764
1.6782583 0.8157238
1.7055877 0.8189227
1.7338514 0.82005066
2.872084 1.0205092
3.0109725 0.78650403
2.8766868 0.7305457
2.904137 0.71975964
2.927737 0.7074604
2.959012 0.6970275
2.9708025 0.66352654
3.177252 0.6742205
3.1810777 0.65593284
3.177015 0.6357478
3.1802452 0.59811085
2.9322863 0.53112775
2.907762 0.5091403
2.9540262 0.499745
3.0018027 0.454397
1.8665375 0.20717618
1.8776436 0.19748142
1.8767761 0.18629977
1.8778167 0.17550047
1.8768185 0.16434129
1.8777329 0.1535421
1.8805931 0.14270958
1.8793876 0.13174917
1.8781301 0.12062782
1.878793 0.10982182
1.8813909 0.09911786
1.8839362 0.08820663
1.8844124 0.077368215
1.8848327 0.06634614
1.8851831 0.055502933
1.8874749 0.04452389
1.8857002 0.03363018
1.8838646 0.022577357
1.8899633 0.011777832
3.061525 -0.3368434
2.2112021 -0.30398896
2.2093866 -0.31691515
2.1996145 -0.32843804
2.1897511 -0.3400684
2.1817484 -0.3645789
1.9269211 -0.35857376
1.9346471 -0.371538
1.9576414 -0.3995552
2.6309564 -0.70586437
2.6152804 -0.7178105
1.7473992 -0.5089166
1.7655294 -0.5252333
1.77965 -0.5407828
1.7751635 -0.5619948
1.666707 -0.53999203
1.6464297 -0.544082
1.65654 -0.5580134
1.6727688 -0.57242316
1.6792083 -0.5964756
2.5618126 -0.9491787
2.533778 -0.98912555
2.547603 -1.0086224
2.5431347 -1.0411389
2.4024208 -1.035292
1.9812927 -0.8996975
2.1939893 -1.0399976
2.2023888 -1.0595372
2.2033432 -1.0759097
2.2232618 -1.098866
2.2347822 -1.120602
2.210365 -1.124583
2.17779 -1.1267364
2.139394 -1.1225188
2.079932 -1.1066248
2.062864 -1.1130714
2.0669549 -1.1306785
0.56487125 -0.33746767
0.55949867 -0.33864024
0.5558038 -0.340861
0.55213493 -0.34299713
0.5484268 -0.34515506
0.5464323 -0.34830406
0.54438597 -0.35149387
0.54235506 -0.3546195
0.5403061 -0.35773358
0.5398659 -0.36200103
0.53942925 -0.36622408
0.53678614 -0.37359956
0.422608 -0.34886453
0.41715628 -0.3491657
0.41361448 -0.3502671
0.40852165 -0.35007718
0.40498993 -0.35111132
0.4010883 -0.3525396
0.39755923 -0.35351193
0.39399812 -0.35449323
0.3904734 -0.35540757
0.38695127 -0.3562931
0.3815929 -0.3561894
0.3780834 -0.3570055
0.374543 -0.35782892
0.37104023 -0.35858768
0.36750686 -0.35935318
0.36366633 -0.36040372
0.36017472 -0.36107364
0.3566527 -0.3617497
0.35386795 -0.3630792
0.35035095 -0.3637021
0.34618416 -0.36353883
0.3423322 -0.3644292
0.33886924 -0.3649269
0.33608824 -0.36613345
0.3325974 -0.36661148
0.3298154 -0.36777413
0.3263323 -0.36819997
0.3225375 -0.3688761
0.3191024 -0.3692122
0.31563872 -0.36955133
0.31286275 -0.3705967
0.3100494 -0.3716522
0.30627742 -0.37218025
0.30283374 -0.37241337
0.30005997 -0.3733698
0.29728523 -0.37430668
0.2938566 -0.37446538
0.2910848 -0.37535936
0.28770417 -0.37544012
0.28453913 -0.37659192
0.2811716 -0.37661988
0.27837065 -0.37745303
0.275606 -0.37823978
0.27280504 -0.37903354
0.26946113 -0.3789666
0.26670185 -0.3796921
0.26297283 -0.37985435
0.26021886 -0.38053533
0.25742927 -0.38122195
0.25523221 -0.38269642
0.2519264 -0.38248804
0.24913996 -0.3831165
0.2463918 -0.3837018
0.24323957 -0.38452506
0.2404938 -0.38506976
0.2377131 -0.3856183
0.23497105 -0.38612512
0.23223105 -0.3866132
0.22945608 -0.38710448
0.22672069 -0.3875548
0.22398758 -0.38798657
0.22084737 -0.38863277
0.21811903 -0.38902456
0.21535619 -0.38941842
0.21263358 -0.38977298
0.20987682 -0.3901291
0.20716044 -0.3904466
0.20491095 -0.39163184
0.20215864 -0.3919348
0.19944757 -0.39219978
0.19718812 -0.39334062
0.19406411 -0.39377677
0.19135879 -0.39398706
0.18861972 -0.39419743
0.18634896 -0.39527595
0.1836131 -0.3954519
0.18133521 -0.3965016
0.17864066 -0.39662644
0.17631797 -0.3976644
0.17362761 -0.3977555
0.17090373 -0.39784533
0.16861229 -0.3988219
0.16631526 -0.39978525
0.16359583 -0.39982548
0.16053626 -0.3999864
0.15819444 -0.40091833
0.15552384 -0.40088943
0.15321514 -0.40177745
0.15090136 -0.40265217
0.14819865 -0.4025893
0.1458803 -0.40343517
0.14322248 -0.40332532
0.14089997 -0.40414253
0.13857299 -0.40494633
0.13592291 -0.40478876
0.1335921 -0.40556398
0.13125706 -0.4063257
0.12861557 -0.40612072
0.12623823 -0.40686595
0.12389563 -0.4075854
0.12154913 -0.40829134
0.1189186 -0.40802374
0.11656947 -0.40870106
0.11421667 -0.40936485
0.111859895 -0.41001508
0.10924176 -0.40968552
0.107095905 -0.41128516
0.104481965 -0.41092518
0.102116376 -0.41151944
0.099747404 -0.41210005
0.09737514 -0.41266704
0.09499985 -0.41322032
0.09262121 -0.41375995
0.09023951 -0.41428593
0.087855026 -0.4147981
0.08542763 -0.41530487
0.08303716 -0.4157894
0.08064394 -0.4162602
0.078248255 -0.41671717
0.07584979 -0.41716042
0.07344879 -0.41758984
0.071045585 -0.4180054
0.068639815 -0.4184072
0.06623179 -0.41879514
0.06378138 -0.4191753
0.061513945 -0.42052472
0.059093848 -0.42087165
0.056671787 -0.4212046
0.05424786 -0.42152363
0.051822335 -0.4218287
0.049394898 -0.42211986
0.04696582 -0.422397
0.044599574 -0.4236589
0.042161725 -0.42390847
0.03972248 -0.424144
0.037281923 -0.42436546
0.034922116 -0.42556956
0.032473437 -0.4257634
0.030023681 -0.42594317
0.027572934 -0.4261088
0.025180308 -0.42725867
0.02268111 -0.42739862
0.02022211 -0.427522
0.017804146 -0.42863038
0.015338142 -0.4287257
0.012901635 -0.4298064
0.010428946 -0.42987353
0.007956117 -0.4299264
0.005495571 -0.43096495
0.0029750327 -0.4309897
0.00095250877 -0.43199897
-0.0015739993 -0.43199715
-0.0040682396 -0.43298087
-0.006574056 -0.4339502
-0.0090702595 -0.4339052
-0.011592606 -0.4348455
-0.014093878 -0.43477163
-0.01663283 -0.4356826
-0.019138834 -0.43557972
-0.021693638 -0.4364612
-0.024245854 -0.43632686
-0.026816662 -0.4371783
-0.029398067 -0.43801457
-0.031569153 -0.43886605
-0.034093015 -0.4386772
-0.036699176 -0.43947035
-0.039226633 -0.43925196
-0.04184747 -0.44001454
-0.04447817 -0.44076148
-0.047012925 -0.44049832
-0.04970026 -0.44120955
-0.052472603 -0.4429025
-0.05501955 -0.44259334
-0.057693735 -0.44326112
-0.059951723 -0.4439705
-0.062644206 -0.44460848
-0.065345794 -0.4452302
-0.068056814 -0.44583547
-0.070776954 -0.44642425
-0.073506124 -0.44699648
-0.07628689 -0.44754475
-0.079033844 -0.44808334
-0.0813593 -0.44868326
-0.08412309 -0.4491907
-0.08689541 -0.4496812
-0.08967594 -0.45015466
-0.09246499 -0.45061094
-0.09526226 -0.45105
-0.09806742 -0.4514718
-0.10088079 -0.45187616
-0.10326831 -0.4523623
-0.106097 -0.45273438
-0.109167136 -0.45406115
-0.11201646 -0.45439664
-0.11487348 -0.4547143
-0.11798834 -0.45598218
-0.12086552 -0.4562626
-0.12331198 -0.45664334
-0.12646908 -0.45785433
-0.12937261 -0.4580816
-0.13256024 -0.4592513
-0.13548252 -0.4594404
-0.13841158 -0.45961094
-0.14164095 -0.46071884
-0.14414626 -0.460989
-0.14740358 -0.46205756
-0.15067774 -0.4631039
-0.15365411 -0.4631786
-0.15663636 -0.46323434
-0.15995005 -0.46421653
-0.16283408 -0.4653322
-0.16617943 -0.46627182
-0.16920006 -0.46624815
-0.17257242 -0.46714318
-0.17560875 -0.46707875
-0.17900711 -0.4679289
-0.18197168 -0.46893
-0.18540046 -0.46973574
-0.18884452 -0.47051755
-0.19230367 -0.4712752
-0.1953944 -0.47108495
-0.19887799 -0.4717961
-0.201923 -0.47267655
-0.205435 -0.47334176
-0.2089611 -0.47398236
-0.21250154 -0.4745978
-0.21605597 -0.4751882
-0.21916787 -0.4759637
-0.22274922 -0.4765069
-0.22720113 -0.4788315
-0.23081963 -0.4793186
-0.23445117 -0.47977978
-0.23720725 -0.47842312
-0.24039492 -0.47906816
-0.2449611 -0.48124224
-0.24864289 -0.48160222
-0.25233695 -0.4819358
-0.2564702 -0.4842799
-0.26024443 -0.48453364
-0.26398364 -0.48478514
-0.26773456 -0.4850095
-0.2724734 -0.48695204
-0.27574277 -0.48740736
-0.28053164 -0.4892832
-0.28439304 -0.48936346
-0.28821826 -0.4894428
-0.29256025 -0.4915206
-0.29641572 -0.4915422
-0.30132368 -0.49324238
-0.3052083 -0.49320167
-0.30910262 -0.4931324
-0.3136036 -0.49502403
-0.31860608 -0.49657845
-0.32254687 -0.49641466
-0.3275958 -0.4978926
-0.33156338 -0.49766424
-0.33617896 -0.49938732
-0.34129894 -0.5007505
-0.34530953 -0.5004251
-0.3504732 -0.50170964
-0.35518053 -0.50329196
-0.360395 -0.50449526
-0.36446306 -0.5040344
-0.3697187 -0.5051575
-0.37499946 -0.5062365
-0.38101637 -0.5092372
-0.38997626 -0.5150093
-0.41567978 -0.53815454
-0.4163053 -0.5326029
-0.41812155 -0.5286307
-0.42115533 -0.5262169
-0.4254341 -0.5253397
-0.44035882 -0.5260039
-0.451133 -0.53261906
-0.45158666 -0.5269777
-0.45068032 -0.51983774
-0.45234418 -0.5157332
-0.45535263 -0.5130789
-0.46096888 -0.5134274
-0.46660414 -0.51372814
-0.47225776 -0.51398116
-0.47797915 -0.51414
-0.48180705 -0.5133011
-0.4875061 -0.51342165
-0.4876806 -0.5077239
-0.4827538 -0.49579504
-0.48138753 -0.48873514
-0.48419082 -0.4859581
-0.5159056 -0.50795406
-0.5274181 -0.513348
-0.533294 -0.5130278
-0.541539 -0.51598406
-0.5532335 -0.52108794
-1.6516154 -1.4774381
-1.6540931 -1.4626139
-1.6534444 -1.4451774
-1.6527867 -1.4276386
-1.6548872 -1.4129136
-1.6568737 -1.3982109
-1.658746 -1.3835324
-1.657418 -1.3663343
-1.6529748 -1.3465133
-1.6575775 -1.3344738
-1.6589664 -1.3199356
-1.6633877 -1.3078982
-1.6615313 -1.2907866
-1.6625832 -1.2763357
-1.6603376 -1.2594982
-1.6579527 -1.2427297
-1.6555482 -1.2258711
-1.6443549 -1.2005801
-1.6333911 -1.1782314
-1.6319982 -1.1630123
-1.6535821 -1.1356508
-1.6633977 -1.1283653
-1.6649834 -1.1152786
-1.6646988 -1.1012691
-1.664309 -1.0872992
-1.6654942 -1.0744547
-1.6666888 -1.0614727
-1.6676877 -1.0486743
-1.6668959 -1.0348439
-1.6660004 -1.0210576
-1.6685208 -1.0092266
-1.6691467 -0.99653673
-1.6696823 -0.9838723
-1.6735855 -0.97324574
-1.6723098 -0.95946014
-1.6725796 -0.9468692
-1.6727606 -0.9343062
-1.6728524 -0.9217725
-1.6693408 -0.9073593
-1.6693306 -0.8947464
-1.6717596 -0.8816575
-1.6714804 -0.8692577
-1.6747558 -0.858555
-1.676097 -0.8471025
-1.6773616 -0.83566374
-1.6767553 -0.8233563
-1.6779411 -0.8117938
-1.6789726 -0.8004067
-1.6763078 -0.78733486
-1.6735486 -0.7743195
-1.6743355 -0.7630209
-1.6769445 -0.75239694
-1.6794151 -0.74193037
-1.6799872 -0.7306619
-1.6804852 -0.71941143
-1.6809772 -0.70801914
-1.6831748 -0.6975719
-1.6816038 -0.68561256
-1.679951 -0.67369443
-1.6820015 -0.6631252
-1.6820586 -0.6519928
-1.6839125 -0.6415939
-1.6838293 -0.6304938
-1.6856107 -0.6199458
-1.6835059 -0.6082004
-1.6813221 -0.59649974
-1.680948 -0.58550304
-1.6842883 -0.57582366
-1.6857309 -0.5653276
-1.6851555 -0.554371
-1.6826061 -0.54282653
-1.6818871 -0.5319322
-1.6849192 -0.5222482
-1.6859819 -0.5119659
-1.6850649 -0.5011194
-1.6845484 -0.48868442
-1.6854075 -0.47844058
-1.6881319 -0.4687373
-1.6888703 -0.4584945
-1.6876134 -0.44774672
-1.6862891 -0.43702772
-1.6868362 -0.42682946
-1.6892637 -0.41711882
-1.6896907 -0.4069269
-1.67448 -0.3930865
-1.6632737 -0.37031943
-1.659547 -0.35931596
-1.6537582 -0.34811553
-1.6537738 -0.33819574
-1.65373 -0.32828814
-1.67116 -0.31180832
-1.9259787 -0.31766424
-1.9277741 -0.30657974
-1.9255519 -0.2948796
-1.9252377 -0.28350654
-1.9268627 -0.2722431
-1.9283969 -0.26115426