-2.0834086 -0.26345485
-2.0848897 -0.2514666
-2.0823276 -0.23901293
-2.0836682 -0.2270303
-2.0849605 -0.21484035
-2.0821805 -0.20245689
-2.0833106 -0.19047575
-2.084389 -0.17828849
-2.08538 -0.16629502
-2.082313 -0.15400204
-2.0831645 -0.14202093
-2.0839596 -0.12983537
-2.0806782 -0.11761942
-2.0813203 -0.1056493
-2.0818937 -0.09367469
-2.086403 -0.08165382
-2.086838 -0.069651365
-2.0872042 -0.05764561
-2.0875013 -0.045637947
-2.0877326 -0.033428676
-2.0878901 -0.021419372
-2.083979 -0.00939034
-2.0879982 0.0028025825
-2.0919473 0.014841907
-2.0878277 0.026823986
-2.091638 0.038907945
-2.0913749 0.051139746
-2.091046 0.06316931
-2.0906482 0.075196795
-2.0901809 0.087221794
-2.0896351 0.09944424
-2.0890284 0.111462995
-2.0883527 0.12347807
-2.0915995 0.13574813
-2.0907698 0.14797802
-2.0938723 0.16030787
-2.0929155 0.17235
-2.0918717 0.18458699
-2.0907753 0.19661722
-2.0896096 0.20864092
-2.0923529 0.22107805
-1.809873 0.22657432
-1.8045509 0.23663498
-1.8031598 0.24701157
-1.7997292 0.25709713
-1.7922602 0.2667348
-1.7867432 0.2764286
-1.7791995 0.2857507
-1.767662 0.2943381
-1.6791781 0.3013253
-1.6715176 0.30988586
-1.6736052 0.32040817
-1.6795831 0.33157957
-1.6796076 0.34163433
-1.6776147 0.35129046
-1.6735765 0.36067426
-1.6734266 0.37072796
-1.6693163 0.3799042
-1.6612606 0.3881354
-1.6589622 0.39784428
-1.6605307 0.4083359
-1.6562148 0.41739237
-1.6537454 0.42707124
-1.6570622 0.43811086
-1.6776817 0.45390362
-1.7005514 0.46885118
-1.703601 0.4802536
-1.702685 0.4907624
-1.6998336 0.5005488
-1.6969264 0.51031864
-1.6958746 0.5206586
-1.6966176 0.531764
-1.6954355 0.5421239
-1.6922889 0.5518677
-1.6909302 0.56238645
-1.683879 0.57081985
-1.6805676 0.5804967
-1.6828605 0.592146
-1.6850166 0.60400224
-1.6890296 0.61642784
-1.6948297 0.629616
-1.7814637 0.6832651
-1.7811635 0.6951261
-1.7771354 0.70536053
-1.7749032 0.7163202
-0.6974433 0.3118795
-0.6865325 0.31175166
-0.6753177 0.31222114
-0.664458 0.311852
-0.6554307 0.31222853
-0.6442917 0.31232077
-0.6353058 0.31249088
-0.6206438 0.31054357
-0.60810906 0.31314433
-0.59672153 0.33022323
-0.59303594 0.33272877
-0.5928506 0.33712327
-0.5929616 0.3409583
-0.59268534 0.3454273
-0.5941328 0.35086498
-0.5937868 0.35536066
-0.59344304 0.35980743
-0.5930327 0.36431876
-0.5926253 0.36878082
-0.5921861 0.37325016
-0.5937274 0.37829056
-0.5915415 0.38169968
-0.59432155 0.38843516
-0.6020843 0.39847028
-0.60349226 0.40357548
-0.60277766 0.4082194
-0.60206896 0.41281107
-0.6029302 0.41860634
-0.6037847 0.42436776
-0.60292214 0.42905122
-0.59956217 0.43713745
-0.5996866 0.44707936
-0.6002546 0.4529883
-0.6024073 0.4600755
-0.6017555 0.4707296
-0.5813019 0.46114212
-0.60328686 0.4880789
-0.603517 0.49413276
-0.6037449 0.500148
-0.6039235 0.5061822
-0.6040034 0.5122928
-0.60305977 0.51648325
-0.6030517 0.5226209
-0.60304314 0.5287183
-0.60448045 0.5361599
-0.60579985 0.5436934
-0.48520103 0.45621923
-0.48003283 0.46740612
-0.47876108 0.47156316
-0.4745784 0.47294328
-0.47466704 0.47850522
-0.47044337 0.49100208
-0.606046 0.64355594
-0.6064222 0.65142316
-0.60801876 0.6608458
-0.6082443 0.6687712
-0.6069968 0.6752917
-0.60641235 0.68118143
-0.6064476 0.68916273
-0.6063441 0.69722515
-0.60623455 0.7052515
-0.6059842 0.7133576
-0.60701483 0.72295845
-0.60730827 0.73053175
-0.606905 0.738649
-0.60768896 0.7483382
-0.60705715 0.75655913
-0.6076657 0.76630694
-0.6056407 0.7729963
-0.60683197 0.7822116
-0.6071896 0.79203844
-0.6073772 0.80195326
-0.6075473 0.8118389
-0.6063558 0.8202028
-0.6071419 0.82955575
-0.60704756 0.8395173
-0.6067771 0.8495632
-0.6053391 0.857942
-0.6060285 0.86967206
-0.60441774 0.87808603
-0.5943688 0.89453995
-0.5870187 0.8946
-0.5744007 0.88849753
-0.5617472 0.87998646
-0.5451808 0.86680675
-0.53203666 0.86790615
-0.509433 0.8418635
-0.4976281 0.8349553
-0.48571864 0.8257369
-0.47586164 0.81991446
-0.4683638 0.8196166
-0.46069443 0.8170708
-0.45209762 0.8127163
-0.4454907 0.8117968
-0.43890938 0.81082827
-0.43329597 0.81157535
-0.42955205 0.81582415
-0.42485198 0.8182816
-0.42013797 0.8207119
-0.41540995 0.8231151
-0.41066816 0.82549113
-0.40855432 0.83322704
-0.4054948 0.839165
-0.40143988 0.84332794
-0.4422035 0.97654504
-0.4323887 0.972181
-0.4251848 0.97098804
-0.4172172 0.96790797
-0.4116425 0.9702919
-0.40519062 0.97083706
-0.39883953 0.9713017
-0.3932456 0.9735799
-0.3869003 0.9739672
-0.379836 0.9724509
-0.37495267 0.9764868
-0.3693293 0.97862756
-0.36578003 0.9863615
-0.35777703 0.99991983
-0.43449336 1.263373
-0.42657918 1.2639565
-0.4180441 1.2625923
-0.4101565 1.2630738
-0.40215614 1.2635452
-0.39428547 1.2639284
-0.38583925 1.2623503
-0.37799767 1.2626328
-0.3701657 1.2628671
-0.36234355 1.2630532
-0.35453147 1.263191
-0.34672984 1.2632807
-0.33893895 1.2633227
-0.3316662 1.2652515
-0.32339063 1.2632635
-0.31611848 1.2651029
-0.3083622 1.2649573
-0.300618 1.2647643
-0.29333758 1.2664727
-0.28560737 1.2661881
-0.27789018 1.2658566
-0.2704824 1.2674602
-0.073086336 0.45618242
-0.070155956 0.4546187
-0.06724599 0.4530364
-0.064313285 0.4514419
-0.060878955 0.44889057
-0.058424428 0.45022503
-0.056885213 0.45546138
-0.05426427 0.45578107
-0.051529024 0.45509204
-0.049017083 0.45637518
-0.046593208 0.45863935
-0.044144843 0.46089068
-0.042297237 0.4650806
-0.03123414 0.5451059
-0.028097948 0.5452765
-0.024777964 0.54143333
-0.020753698 0.53159505
-0.017628876 0.5297067
-0.014691543 0.53379786
-0.011620674 0.5338735
-0.008549421 0.53393155
-0.005426707 0.53397244
-0.002877719 0.53599226
0.00020557744 0.53599995
0.003288867 0.53598994
0.012584392 0.5378528
0.074054696 1.6423312
0.08350083 1.6418781
0.093328044 1.6453552
0.102791265 1.6447911
0.112114854 1.6421773
0.12170718 1.6434997
0.13100009 1.6407788
0.14076437 1.6419773
0.15020737 1.6411405
0.15983914 1.6422398
0.16928333 1.641293
0.17850511 1.638304
0.18838248 1.6412239
0.19845694 1.6440654
0.20791098 1.6428967
0.21735816 1.6416733
0.22679816 1.6403959
0.24565528 1.637678
0.24532191 1.5628631
0.19457446 1.1131221
0.16149499 0.7998596
0.16031577 0.7674339
0.16733961 0.7823027
0.17312565 0.7871871
0.17853265 0.79007983
0.18262254 0.7870915
0.18675908 0.7840644
0.19269007 0.7888057
0.20175225 0.7865367
0.4326501 1.5570067
0.44338864 1.5602213
0.445663 1.5345972
0.452208 1.5243385
0.46270865 1.5274543
0.4726692 1.5285889
0.48325995 1.5315664
0.49098277 1.5249065
0.496627 1.512556
0.50151074 1.4982947
0.5017268 1.4707775
0.5051407 1.4484437
0.5121255 1.4417446
0.51496834 1.4237288
0.5235932 1.3971093
0.51571167 1.3251889
0.5218541 1.318481
0.5242028 1.3024698
0.5271421 1.2883265
0.53389937 1.283375
0.54049426 1.2784405
0.5486287 1.2771478
0.55756617 1.2776369
0.5673379 1.2798936
0.5771539 1.28208
0.5888002 1.2877773
0.6012508 1.2952534
0.61039656 1.2953919
0.61956406 1.2954676
0.722177 1.4523582
0.732321 1.4517515
0.74262124 1.4510044
0.75464123 1.453809
0.47290835 0.86746854
0.4759559 0.8612329
0.3288022 0.5537374
0.328889 0.54669553
0.33310717 0.53944004
0.33459556 0.53380316
0.33551675 0.5284927
0.339633 0.52823615
0.34434065 0.52995616
0.34853357 0.5296039
0.35157427 0.52759033
0.35572192 0.5272171
0.35987705 0.52681357
0.36745197 0.5313145
0.38077047 0.53172344
0.9511708 1.2766119
0.95849854 1.2711194
0.96700805 1.2671745
0.9767262 1.2647569
0.9852171 1.2606932
0.9938136 1.2564787
1.0022749 1.2523023
1.0144966 1.2527332
1.0254886 1.2515179
1.0365006 1.250217
1.0489361 1.2502627
1.0599937 1.2487824
1.0724754 1.2512796
1.0888273 1.2556667
1.1079029 1.2629137
1.4217751 1.5563482
1.4361337 1.5540192
1.4533935 1.5543587
1.467808 1.5517845
1.4822413 1.5490955
1.4994733 1.5491661
1.5251509 1.5576633
1.6404877 1.6404877
1.4888277 1.4352757
1.4912678 1.4211684
1.4995538 1.4124228
1.5164361 1.4119508
1.6124634 1.4670931
1.6446687 1.4791917
1.6471714 1.4643912
1.643688 1.4441723
1.642908 1.426825
1.6611553 1.3931212
1.3780911 1.0325449
1.3969668 1.0339863
1.3899765 1.0164888
1.3893162 1.0037909
1.3869282 0.98997283
1.3844273 0.9762157
1.383548 0.9635304
1.3808289 0.9498883
1.3763447 0.93518525
1.3750585 0.9227947
1.3736758 0.9104497
1.3697941 0.8945167
1.3698745 0.8833707
1.3715591 0.87332785
1.3731738 0.86329436
1.3730193 0.8522171
1.3694527 0.8389487
1.3674104 0.82691765
1.36871 0.8169877
1.3682173 0.8060554
1.3600525 0.7803083
1.3663334 0.773326
1.4039367 0.78398055
1.4311962 0.7884372
1.4454978 0.787307
1.4605738 0.78465813
1.4810439 0.78452843
1.499714 0.7834042
1.522051 0.7837761
1.5372342 0.78044015
1.5399096 0.7706895
1.5587404 0.76874745
1.5875787 0.773531
1.6154405 0.7756393
1.6569611 0.7720517
1.5842413 0.63831276
1.5950791 0.61072624
2.7144132 0.95043993
1.69345 0.48669416
2.8211234 0.73777956
2.8370168 0.7242369
2.8333735 0.7059707
2.7323883 0.6472396
2.7555537 0.6360087
2.7864852 0.62628746
2.8135467 0.6151062
2.8131258 0.59807986
2.7884989 0.55911505
3.0154738 0.5866017
3.0221813 0.57288486
3.02548 0.5552002
3.0251987 0.53418833
3.0272453 0.49840882
2.7693264 0.43959758
2.7797585 0.42460263
2.7623672 0.40569884
1.7292953 0.15242612
1.7341437 0.14263788
1.7329414 0.13250773
1.7316798 0.12239572
1.7323661 0.112266526
1.7349797 0.10241704
1.7355403 0.092435226
1.7360512 0.082283564
1.7364957 0.07229593
1.7328914 0.061995998
1.7312202 0.051966865
1.7334899 0.04205561
1.7337062 0.031917207
1.7338612 0.02194348
1.7339586 0.01196944
1.733999 0.001828395
1.7339809 -0.008146106
1.7339053 -0.018120753
1.7357694 -0.028293151
1.7390149 -0.05854287
2.0500216 -0.35186735
2.0558057 -0.3652496
2.0497363 -0.3763473
2.0396404 -0.38683727
2.0373814 -0.39856395
2.0287044 -0.4213583
1.7958789 -0.40961328
1.7837563 -0.41765714
1.738011 -0.4282726
2.4438307 -0.77574927
2.46589 -0.798656
2.44986 -0.80906415
2.418551 -0.81444216
1.6019385 -0.5690284
1.6080425 -0.58163524
1.6083667 -0.5924122
1.5939119 -0.6081782
1.4890954 -0.57982665
1.4838759 -0.5876463
1.4933999 -0.60154545
1.508364 -0.6178497
1.5164441 -0.6400885
2.2982614 -1.0040207
2.2813823 -1.0125765
2.3229268 -1.0470513
2.3567703 -1.078934
2.3214025 -1.079208
2.2536597 -1.0635235
2.2293644 -1.0680438
1.79101 -0.94279313
1.7820284 -0.95119643
1.7708743 -0.9718048
2.024331 -1.1210171
2.0404115 -1.1455655
2.0580118 -1.1713293
2.0477748 -1.1811496
2.0270193 -1.1850305
1.99952 -1.184439
1.961693 -1.1775844
1.854857 -1.1453848
1.8650821 -1.16682
1.8617178 -1.1796707
1.83459 -1.1775739
1.8177242 -1.1815679
1.7974194 -1.1833797
1.7738278 -1.182776
1.7471037 -1.1795307
1.7269673 -1.180698
1.706991 -1.1815065
1.6869494 -1.1822866
1.6675667 -1.1854694
1.6476189 -1.185855
1.6246051 -1.1835364
1.6015594 -1.1811467
1.5851221 -1.1831619
1.568601 -1.1851779
1.54587 -1.1820331
1.532604 -1.1861572
0.40862232 -0.34995973
0.40505725 -0.3510337
0.4030313 -0.35335788
0.39912176 -0.35476443
0.39558733 -0.35571715
0.39350018 -0.3580246
0.3914342 -0.3602822
0.38932043 -0.3625653
0.38722843 -0.3647988
0.3850883 -0.3670572
0.38441026 -0.3706545
0.38223594 -0.3728963
0.38186893 -0.3761278
0.6906996 -0.76678425
0.68627715 -0.7707448
0.68447506 -0.7776824
0.6838529 -0.7861993
0.68062323 -0.79163635
0.62359107 -0.7455992
0.625663 -0.75688165
0.26780656 -0.35664502
0.2657162 -0.3582051
0.2624689 -0.35811463
0.25978377 -0.35883334
0.25713354 -0.35950848
0.25444964 -0.36018938
0.2508837 -0.36024767
0.24820587 -0.36088482
0.24556383 -0.36147946
0.2423314 -0.36124852
0.23969714 -0.3618028
0.2375771 -0.36319843
0.23494127 -0.3637191
0.23138635 -0.36362255
0.22875878 -0.36410084
0.22609842 -0.36458263
0.22347544 -0.36502427
0.22081968 -0.3654691
0.21871364 -0.3667333
0.21605793 -0.36714432
0.21344033 -0.3675163
0.21079014 -0.3678906
0.2078252 -0.36842597
0.20518073 -0.36876124
0.20257485 -0.36905885
0.19993696 -0.36935782
0.1973381 -0.36961964
0.19470726 -0.36988255
0.19211556 -0.3701089
0.18994774 -0.37122616
0.18700266 -0.37159926
0.18438192 -0.37179068
0.18180099 -0.37194675
0.17962278 -0.37300357
0.1770454 -0.3731272
0.17443681 -0.37325034
0.17228678 -0.37424758
0.16968243 -0.3743379
0.16752623 -0.37530783
0.16492616 -0.37536564
0.16200729 -0.3755458
0.15941745 -0.37556633
0.15725435 -0.37647718
0.15467004 -0.37646538
0.15250185 -0.3773489
0.1499231 -0.377305
0.14775015 -0.3781612
0.14517772 -0.37808523
0.14300036 -0.37891412
0.14043428 -0.37880632
0.13825287 -0.3796079
0.13536632 -0.37958524
0.1331805 -0.38035765
0.13095392 -0.38112998
0.1284398 -0.3809294
0.12624638 -0.38166198
0.12404876 -0.3823819
0.12154412 -0.38213614
0.11930716 -0.38284042
0.117102884 -0.38352042
0.11489473 -0.3841877
0.11240196 -0.38388252
0.110191815 -0.38452277
0.10767124 -0.3841977
0.10545952 -0.38481072
0.10324415 -0.385411
0.10102534 -0.38599855
0.09880321 -0.3865733
0.096298926 -0.3861742
0.09407585 -0.3867218
0.09184966 -0.38725656
0.08962044 -0.3877785
0.08738843 -0.3882876
0.08511609 -0.38879204
0.08266991 -0.38829717
0.08043503 -0.38876626
0.07839428 -0.39020294
0.07614832 -0.39064744
0.073862374 -0.3910861
0.0716116 -0.3915045
0.069358274 -0.39190996
0.06693406 -0.3913168
0.06468189 -0.39169538
0.062390186 -0.39206693
0.060285248 -0.3934078
0.058021158 -0.39374807
0.055755336 -0.3940753
0.053449683 -0.39439464
0.05118003 -0.39469558
0.04890868 -0.39498347
0.046635907 -0.39525825
0.0443614 -0.39552
0.042047493 -0.3957727
0.039870024 -0.397003
0.037585784 -0.39722577
0.035300106 -0.3974354
0.03301326 -0.39763188
0.030687198 -0.39781815
0.02839842 -0.3979881
0.026173947 -0.39914274
0.023877433 -0.39928672
0.021580318 -0.39941746
0.019244006 -0.39953682
0.016987702 -0.40064
0.014682726 -0.40073112
0.012377457 -0.40080893
0.010096703 -0.40187317
0.0077462248 -0.40192538
0.0054340083 -0.40196326
0.003129569 -0.40298784
0.00081131683 -0.4029992
-0.0015069621 -0.4029972
-0.0034472956 -0.4039853
-0.005809894 -0.40395823
-0.00815352 -0.40491793
-0.0104826875 -0.4048643
-0.012843141 -0.4057968
-0.015177095 -0.4057162
-0.017592844 -0.4066196
-0.019931644 -0.40651166
-0.0223245 -0.40738878
-0.024667455 -0.40725362
-0.027115103 -0.40810022
-0.029142145 -0.408963
-0.031494237 -0.4087886
-0.033927836 -0.40959725
-0.03637158 -0.41039142
-0.03873177 -0.41017538
-0.041229792 -0.41093686
-0.04359304 -0.41069287
-0.04606592 -0.41142914
-0.0485489 -0.41215047
-0.050919004 -0.41186437
-0.053455178 -0.41255128
-0.055526007 -0.41328666
-0.058080874 -0.4139452
-0.060605783 -0.4145937
-0.06298975 -0.4142382
-0.06552744 -0.4148568
-0.068236224 -0.41644666
-0.0706706 -0.41604045
-0.073235855 -0.41661194
-0.07540994 -0.41724014
-0.0779922 -0.41778252
-0.08062347 -0.41830114
-0.08322333 -0.41881123
-0.08583172 -0.4193053
-0.088242166 -0.41880465
-0.09090187 -0.41925865
-0.09352968 -0.41970488
-0.09616562 -0.4201347
-0.09844659 -0.42063317
-0.10109795 -0.4210323
-0.103757344 -0.42141476
-0.10646492 -0.42177033
-0.10913972 -0.42211905
-0.112077735 -0.42341775
-0.11481366 -0.4237202
-0.11710966 -0.42412892
-0.11981924 -0.4244106
-0.12253592 -0.42467514
-0.12558296 -0.4258696
-0.12831907 -0.42609763
-0.1313558 -0.42726415
-0.13370089 -0.427584
-0.1365033 -0.42774743
-0.13927115 -0.42790598
-0.1423601 -0.42899603
-0.14518711 -0.4291034
-0.14830501 -0.43015188
-0.15069577 -0.43037984
-0.1538822 -0.43137488
-0.15670234 -0.4314225
-0.15952832 -0.4314519
-0.16275345 -0.43238333
-0.16559571 -0.43237376
-0.1683907 -0.43343925
-0.17161606 -0.43432355
-0.17452613 -0.4342403
-0.17777772 -0.43508056
-0.18104474 -0.4358977
-0.18390816 -0.4368682
-0.18724653 -0.43762398
-0.19015954 -0.43745667
-0.19348073 -0.43818516
-0.19685864 -0.4388709
-0.19978742 -0.4397431
-0.20315129 -0.44040272
-0.20657179 -0.44101822
-0.2099641 -0.4416289
-0.21293567 -0.4413144
-0.21592647 -0.4420857
-0.2193965 -0.44260725
-0.22283731 -0.44312474
-0.22629151 -0.4436171
-0.2298013 -0.44406235
-0.2333189 -0.4456134
-0.23681632 -0.44603032
-0.24032605 -0.4464218
-0.24389106 -0.44676408
-0.24790967 -0.4479786
-0.251031 -0.4485303
-0.25459385 -0.4488184
-0.2582111 -0.44905573
-0.26179692 -0.44929093
-0.265394 -0.44949976
-0.26857075 -0.4499397
-0.2732678 -0.45178393
-0.27690688 -0.4519099
-0.28161138 -0.45370805
-0.28488943 -0.45401984
-0.2885692 -0.45406142
-0.29334134 -0.45575747
-0.29709384 -0.45570967
-0.30147564 -0.45762038
-0.3052128 -0.4575425
-0.30895916 -0.45743656
-0.31388733 -0.45892346
-0.3176605 -0.45875466
-0.322149 -0.46050406
-0.3259484 -0.46027565
-0.33096543 -0.4616123
-0.33479008 -0.46131942
-0.3393625 -0.4629353
-0.34444788 -0.4641548
-0.3495142 -0.46536425
-0.35339564 -0.46493816
-0.3580561 -0.46641168
-0.363232 -0.46746823
-0.36838752 -0.4685154
-0.37232155 -0.46795368
-0.37706614 -0.46928152
-0.38232762 -0.4701719
-0.3875674 -0.47105363
-0.3928299 -0.47189057
-0.3989937 -0.47455668
-0.40301284 -0.473777
-0.40834057 -0.47448286
-0.41454595 -0.47704893
-0.41997012 -0.4776202
-0.42536926 -0.47818506
-0.43078873 -0.47870356
-0.43581438 -0.47955167
-0.4426264 -0.48145393
-0.44811273 -0.48182878
-0.45366412 -0.48211288
-0.46010265 -0.4842825
-0.4670385 -0.48595375
-0.47261453 -0.48612705
-0.47914243 -0.4881378
-0.4848075 -0.4881657
-0.49186003 -0.4896016
-0.498945 -0.4909724
-0.5042044 -0.49131852
-0.5113436 -0.49257255
-0.51851356 -0.49376076
-0.5257616 -0.49483204
-0.5325164 -0.49639723
-0.5412463 -0.49874687
-0.57122594 -0.51633406
-0.5787105 -0.51698184
-0.5891085 -0.50816846
-0.61410415 -0.5064505
-0.6154571 -0.50164586
-0.6214477 -0.50060636
-0.62905926 -0.50069994
-0.63821673 -0.5020193
-0.6442522 -0.5007945
-0.65140015 -0.50136
-0.65750515 -0.49996293
-0.652845 -0.4895399
-0.6444472 -0.47738013
-0.64989674 -0.46993425
-0.6939485 -0.49774638
-0.7127847 -0.4988366
-1.8415947 -1.2397293
-1.8387028 -1.2224712
-1.8356738 -1.2052876
-1.8326213 -1.1880046
-1.8360562 -1.1752862
-1.822499 -1.1518823
-1.8088424 -1.1285005
-1.8371973 -1.0738204
-1.8365155 -1.0590608
-1.8356245 -1.0445222
-1.838115 -1.0319872
-1.8371198 -1.0173448
-1.8429416 -1.0067599
-1.8451813 -0.9942443
-1.8438998 -0.9796824
-1.8459615 -0.9672036
-1.8443872 -0.95289654
-1.8463641 -0.94027835
-1.8445925 -0.926053
-1.846304 -0.91365254
-1.8479341 -0.90126306
-1.8468121 -0.8852059
-1.8482565 -0.8728592
-1.8497028 -0.86034805
-1.8473482 -0.8463621
-1.8485403 -0.8340761
-1.849731 -0.821627
-1.8470972 -0.8077674
-1.8462018 -0.794757
-1.8471351 -0.78238606
-1.8479131 -0.7702086
-1.8467618 -0.75728923
-1.847449 -0.7449806
-1.8479857 -0.7328662
-1.8465809 -0.7200438
-1.8451576 -0.7070849
-1.8473226 -0.6957548
-1.8456675 -0.6830341
-1.8477508 -0.6715451
-1.8478161 -0.6595601
-1.8478045 -0.64759743
-1.849608 -0.6363066
-1.8476129 -0.62355983
-1.8473717 -0.61166465
-1.8509173 -0.6008501
-1.8524374 -0.58958614
-1.8500705 -0.5771334
-1.8495344 -0.5653129
-1.8508399 -0.55409044
-1.85021 -0.54213184
-1.8513756 -0.53092813
-1.8505476 -0.51918966
-1.8477174 -0.50694823
-1.8486714 -0.4957927
-1.8476698 -0.48395893
-1.8446102 -0.47183615
-1.8453535 -0.4607327
-1.8479732 -0.45010963
-1.8466401 -0.43854833
-1.8491733 -0.42774096
-1.8496522 -0.41665694
-1.8500649 -0.4055816
-1.850411 -0.39451617
-1.8491361 -0.38110334
-1.8473753 -0.36967582
-1.8494713 -0.3590426
-1.8338166 -0.34506893
-1.8239086 -0.32134384
-1.8178405 -0.30950367
-1.8097231 -0.29741967
-1.8094286 -0.28669214
-1.8240335 -0.25664386